252,244,243,241,242,240,243,240,242,237,229,240,249,232,240,239,232,245,241,225,237,239,247,248,242,242,246,231,235,242,230,239,243,242,244,246,246,245,245,244,244,246,246,246,245,243,247,248,244,245,242,243,245,248,240,249,248,242,250,244,246,247,245,246,246,242,237,218,242,244,242,244,247,235,240,246,246,249,241,242,248,242,244,244,236,232,246,244,231,237,251,244,240,242,247,229,240,241,238,241,240,243,248,249,237,233,240,245,248,243,239,241,241,244,243,240,245,243,239,242,242,246,234,248,247,240,247,252,
252,189,163,163,171,144,151,169,162,160,141,188,210,144,160,164,145,172,173,142,171,174,183,148,173,177,155,147,171,173,149,176,177,190,186,182,180,185,189,185,170,173,189,189,193,189,198,198,190,187,188,195,190,154,208,205,195,195,158,183,197,207,187,188,188,192,159,128,152,185,184,180,180,149,146,172,188,196,190,203,156,177,149,175,171,171,185,181,144,189,187,176,173,175,156,151,189,152,174,172,185,185,197,192,157,137,175,189,180,169,168,170,169,164,156,159,183,164,150,128,161,141,145,182,171,154,197,253,
254,186,151,176,153,150,154,171,136,152,159,162,166,164,161,166,166,163,164,169,159,162,173,170,165,172,168,175,170,183,169,168,170,191,198,180,179,179,144,174,176,180,184,179,195,180,148,161,182,183,187,170,142,166,170,175,150,175,189,220,188,206,188,189,183,182,150,184,182,190,183,151,153,131,185,178,178,177,184,182,175,173,167,172,176,185,179,174,176,159,148,172,180,169,162,166,178,175,173,170,181,133,157,165,181,131,157,166,123,157,147,134,154,159,144,142,130,156,136,140,158,162,154,155,138,128,145,255,
252,183,158,164,177,165,133,126,169,180,164,158,177,168,184,156,146,164,160,158,152,112,175,172,170,184,173,179,170,170,162,169,174,187,156,165,179,174,165,180,184,195,146,178,179,156,158,182,182,183,183,182,148,170,190,189,177,188,217,194,157,181,203,194,186,188,190,187,195,187,184,184,188,193,189,183,178,141,147,186,182,182,178,178,176,181,187,175,171,173,173,180,182,176,177,169,190,154,170,166,168,160,141,168,159,161,169,160,172,179,152,139,143,159,172,166,148,154,167,156,142,151,153,147,96,139,201,252,
249,187,170,169,177,176,153,156,161,193,176,158,166,152,163,175,129,162,164,143,172,164,181,143,149,188,166,169,174,188,173,168,130,184,156,171,181,176,108,147,186,183,177,177,161,165,179,165,187,195,198,189,182,176,181,156,193,185,191,188,184,189,136,184,190,195,196,187,175,171,195,178,173,148,160,184,182,172,187,156,142,172,176,167,178,174,185,185,176,164,174,178,132,156,168,168,176,157,159,146,136,188,172,165,171,158,137,155,164,160,173,159,163,155,157,158,132,132,150,151,134,151,153,163,172,168,204,253,
251,203,129,146,162,133,171,157,159,151,161,168,139,127,154,153,141,196,207,167,158,174,148,144,169,179,177,179,168,137,205,181,142,182,144,168,175,181,176,162,149,180,184,162,162,186,159,116,143,208,200,180,155,144,182,182,156,154,185,191,154,180,150,147,164,156,185,189,161,134,188,123,164,170,177,181,177,185,196,174,194,146,175,135,175,182,192,178,140,152,148,170,173,133,172,172,174,165,129,142,169,132,168,168,184,167,160,157,125,126,150,166,158,162,124,154,120,167,165,112,172,150,157,160,154,138,204,254,
245,194,161,175,160,152,144,158,162,138,149,180,153,182,166,161,168,168,168,171,168,156,191,172,161,160,169,165,178,162,211,185,175,178,177,175,175,161,171,181,181,179,140,187,188,178,191,179,151,183,181,183,188,178,134,185,181,147,194,189,144,192,175,154,184,142,191,184,188,157,188,187,191,184,159,166,186,185,184,184,178,182,182,161,184,162,177,156,148,180,175,165,164,194,183,142,185,171,164,147,169,164,168,172,178,170,161,146,172,150,65,116,161,172,181,165,156,135,185,138,164,157,107,132,165,95,177,253,
249,182,154,178,138,146,133,159,161,164,166,131,156,137,158,188,171,168,168,171,152,123,203,150,132,159,171,173,181,178,172,177,184,190,180,166,155,150,149,173,165,131,148,192,183,182,190,184,195,185,184,184,197,190,145,190,184,197,187,185,185,188,190,180,192,168,203,187,188,180,183,187,185,190,176,166,184,166,176,152,171,164,149,150,186,149,174,173,185,193,130,164,143,170,138,164,171,169,168,162,162,110,147,164,169,181,153,125,137,162,145,134,162,160,163,146,152,159,155,174,175,107,116,150,172,143,174,254,
248,184,157,126,156,155,162,161,156,149,166,162,163,153,157,130,172,168,174,169,168,168,171,169,169,172,163,166,169,174,150,175,177,161,173,175,166,178,137,162,191,184,176,178,180,177,182,157,165,188,183,182,193,187,205,147,159,163,201,183,174,188,195,184,149,151,189,180,182,192,191,181,184,193,191,172,174,142,139,162,179,159,141,173,184,179,172,174,189,174,168,176,170,185,173,179,164,159,170,169,131,152,144,158,164,166,165,156,165,183,163,165,146,144,163,143,143,139,160,136,151,122,163,163,146,168,214,250,
249,178,153,170,121,161,157,157,158,133,163,165,168,152,154,116,122,201,160,169,166,174,173,167,154,174,152,123,180,175,121,155,174,148,176,174,133,172,184,177,191,182,179,182,183,198,179,179,185,186,183,182,185,188,175,173,182,181,171,181,126,180,194,188,131,133,189,180,187,187,177,145,179,168,172,185,192,182,157,166,169,187,185,144,178,176,173,140,177,174,172,184,166,138,170,167,167,153,174,169,164,196,172,182,172,167,162,163,135,140,152,163,167,167,163,150,153,161,171,131,129,96,156,157,152,124,194,251,
249,181,151,150,120,164,152,167,159,178,163,159,166,162,179,178,140,168,145,171,171,163,170,151,121,173,137,139,193,174,146,178,192,179,176,175,125,172,177,197,178,177,183,181,182,184,188,158,186,195,154,166,189,187,141,181,173,187,158,192,189,189,196,189,188,194,168,187,155,152,193,188,194,150,169,186,185,183,187,178,140,171,179,176,168,163,176,181,183,167,188,178,154,161,177,172,161,141,177,133,182,138,143,166,168,165,165,173,135,157,105,159,164,160,160,144,164,156,156,180,154,158,166,153,165,147,197,253,
248,183,136,156,135,124,150,178,158,172,171,182,154,174,194,176,169,149,174,150,166,134,186,174,168,184,165,130,188,188,149,165,186,183,178,181,176,186,183,181,179,181,169,171,206,194,168,153,143,170,186,180,187,182,191,154,107,175,196,189,195,188,174,152,199,148,150,200,165,163,169,189,180,163,177,181,177,160,180,157,158,167,176,125,176,174,156,193,192,184,184,171,123,121,156,177,191,175,173,114,183,171,142,160,169,162,169,170,160,164,137,166,161,160,157,158,157,160,133,147,155,156,156,161,169,148,201,250,
245,146,160,183,154,156,161,159,134,180,168,146,134,155,166,159,167,107,104,142,186,166,163,114,156,163,176,140,173,181,168,159,193,168,157,173,181,164,189,179,164,179,128,156,185,185,183,184,184,183,175,184,186,183,202,189,159,184,201,185,186,184,195,181,164,183,187,146,187,188,159,187,183,183,180,181,176,153,179,130,164,167,168,136,182,176,143,173,176,174,148,160,158,164,166,171,153,165,168,123,160,173,137,145,94,163,172,161,174,170,158,162,161,163,158,158,192,164,165,160,166,159,161,131,120,146,206,254,
247,181,159,161,123,159,161,163,158,160,183,137,154,160,148,157,165,169,136,145,149,168,154,150,131,131,179,168,137,178,151,180,184,161,131,181,192,144,182,180,162,182,184,142,174,184,184,144,194,162,161,188,186,177,158,194,192,170,203,197,187,190,171,158,192,196,194,191,187,190,201,196,187,189,192,188,188,195,186,163,197,180,165,143,182,159,175,173,156,174,146,155,154,175,167,165,164,178,171,157,163,131,169,156,149,179,173,164,179,178,167,158,161,155,157,159,160,155,146,157,149,163,153,156,119,139,205,254,
251,185,157,156,153,158,142,159,162,163,161,168,167,165,142,164,162,165,183,182,145,170,156,157,174,151,164,176,171,172,178,177,183,175,153,180,181,193,176,168,165,199,190,180,178,183,152,187,195,166,128,191,186,199,197,195,189,162,180,203,200,193,188,192,197,163,189,198,184,191,201,202,206,182,188,188,191,185,189,196,181,174,154,155,182,149,170,168,130,153,170,175,157,121,189,177,176,149,136,134,150,158,175,162,195,178,171,162,135,184,166,159,161,164,163,154,169,163,117,142,141,108,124,147,151,145,184,254,
253,169,101,128,160,153,151,172,162,163,163,164,161,161,137,80,165,174,157,156,177,149,132,158,172,146,141,187,181,134,169,172,174,178,159,167,175,174,176,156,141,194,177,180,140,173,184,186,194,179,183,187,185,160,189,145,212,208,181,190,197,201,195,184,183,157,183,184,185,184,186,189,189,185,184,194,147,167,184,163,171,153,159,176,180,139,181,198,152,156,199,179,159,159,172,169,144,144,170,175,162,163,184,181,163,178,166,158,159,170,183,160,150,158,168,156,158,159,154,155,164,117,137,148,154,143,181,254,
252,164,140,145,168,179,160,160,158,163,138,109,130,168,175,161,171,174,160,137,192,171,205,185,174,152,160,149,132,176,177,141,155,179,157,171,179,162,152,183,162,166,180,179,181,181,137,178,176,181,182,181,181,165,195,166,179,195,157,188,191,200,187,182,183,185,186,185,186,183,149,188,185,187,188,193,186,148,161,123,188,184,180,191,192,184,166,183,158,162,169,180,180,183,203,174,148,172,167,171,190,161,151,184,167,165,160,164,163,175,173,165,146,144,157,158,143,140,123,193,158,116,159,156,121,140,203,254,
250,185,157,156,137,165,161,169,167,162,146,160,173,158,162,178,190,185,185,151,183,140,184,177,186,159,164,175,156,177,172,137,178,151,194,183,195,145,179,189,198,156,178,186,167,166,183,191,140,184,184,196,185,185,200,178,193,169,187,191,173,173,209,198,186,185,183,181,180,183,162,186,185,183,182,178,180,178,155,162,182,193,174,189,163,147,139,194,155,125,93,168,134,172,168,133,172,170,180,137,169,160,146,164,160,164,162,160,163,165,159,166,160,133,177,166,139,144,151,155,151,107,147,156,148,143,202,254,
249,189,156,157,163,106,152,169,162,120,135,168,145,138,161,135,161,171,162,153,150,169,170,175,189,146,172,180,152,137,173,155,179,172,167,181,178,175,160,162,148,184,179,180,169,166,183,184,186,200,185,192,178,160,182,196,198,169,199,199,179,170,183,188,184,157,178,181,181,145,180,167,182,180,183,157,169,196,185,163,146,187,173,190,181,153,122,181,151,156,153,171,175,173,143,178,180,170,206,165,170,160,136,166,161,125,158,161,161,163,164,150,151,193,173,156,156,179,169,153,155,158,141,151,176,160,200,253,
250,194,165,131,157,123,134,169,160,166,171,167,155,162,170,169,165,168,160,157,122,170,172,136,170,172,150,175,154,174,191,163,173,154,173,185,179,178,173,177,186,201,181,185,185,190,201,177,170,202,188,203,190,133,93,87,82,122,118,169,184,214,182,191,186,164,185,182,182,187,205,200,182,199,193,184,187,179,180,196,186,182,184,137,172,177,176,157,147,165,174,174,190,169,164,168,169,167,166,180,173,163,164,169,165,159,164,167,177,157,161,137,105,168,144,112,143,174,157,140,143,169,139,145,169,162,199,255,
250,188,155,163,155,163,153,188,158,180,174,128,180,191,210,148,178,196,170,182,175,169,187,186,178,178,159,177,183,171,165,187,175,140,179,184,166,131,184,193,182,190,178,183,182,186,183,175,174,136,167,106,99,22,7,32,19,64,15,35,54,144,169,158,192,190,187,189,189,181,109,146,170,186,198,173,158,181,178,183,193,174,175,176,173,180,184,185,172,153,108,143,179,145,107,173,168,178,166,191,172,158,138,183,170,184,162,161,159,161,167,153,133,160,164,163,183,128,135,155,153,148,166,153,161,149,197,253,
251,173,120,150,160,165,164,164,139,149,165,167,162,159,182,154,168,160,165,184,175,109,147,174,171,176,181,178,178,173,151,177,182,158,179,183,169,141,179,189,181,181,144,184,180,187,187,185,199,164,126,21,61,14,15,9,7,31,23,8,11,28,89,84,160,189,194,162,200,147,155,199,164,185,187,174,137,176,192,181,177,172,176,173,174,178,184,153,172,116,168,181,154,155,170,168,169,178,165,165,167,169,140,154,169,193,162,163,160,162,166,164,168,179,166,150,145,130,149,159,156,145,131,154,151,136,168,251,
251,175,125,150,159,180,162,159,182,185,160,168,128,138,168,184,190,165,162,169,175,173,152,175,184,187,193,194,144,190,158,160,182,146,177,149,153,180,180,177,190,185,138,104,171,191,191,169,177,182,93,11,52,12,7,13,26,42,10,8,65,25,0,31,131,118,159,172,180,193,184,136,171,188,196,156,148,147,182,189,178,174,193,187,173,180,191,153,160,149,169,182,159,162,169,129,133,168,167,167,171,201,115,106,171,188,164,160,167,162,133,162,157,182,172,138,152,165,138,154,147,132,151,166,154,152,196,254,
251,188,164,160,160,172,163,168,146,181,168,166,168,169,172,171,145,172,175,172,172,191,185,181,176,177,178,196,178,178,191,185,176,181,183,159,153,174,185,176,187,191,162,178,187,183,182,196,199,174,44,9,41,9,18,14,21,34,10,14,16,12,44,37,64,87,99,160,119,188,176,155,190,182,195,172,178,180,190,195,162,156,150,179,134,187,163,160,165,155,171,171,172,165,106,177,172,173,135,119,167,154,144,130,160,174,161,160,179,174,124,166,169,120,150,154,138,141,124,143,148,137,156,166,173,166,196,254,
253,187,140,162,164,167,135,146,143,157,183,142,158,175,142,175,140,166,159,175,172,175,177,178,173,190,181,176,185,158,181,178,182,180,180,167,148,128,173,179,180,207,141,195,165,163,183,181,190,147,31,8,41,23,55,34,6,46,23,22,92,19,35,57,13,82,33,144,189,178,178,150,155,182,158,159,170,186,210,199,190,180,148,172,168,177,156,144,176,176,171,171,166,132,158,189,170,172,161,123,159,167,172,184,170,165,162,160,158,136,155,157,155,158,156,153,137,144,130,132,151,136,124,155,150,147,204,254,
253,182,148,161,161,164,166,148,163,165,163,167,164,168,157,139,148,128,158,174,170,191,177,171,171,175,188,187,188,183,151,176,149,169,181,179,126,156,179,182,182,187,181,191,171,173,190,184,192,61,31,34,31,17,20,59,9,30,32,41,30,15,9,33,14,9,8,71,182,145,159,190,110,166,174,131,130,183,192,185,175,189,164,174,171,174,183,143,161,174,171,172,171,168,168,170,174,168,167,177,189,171,165,160,165,165,161,160,158,158,156,157,161,154,153,156,152,145,151,120,137,109,127,140,140,145,200,255,
249,185,161,160,164,150,151,170,170,149,161,168,167,168,174,134,144,161,185,179,177,169,193,160,155,178,178,177,183,187,167,155,165,181,183,197,183,167,185,198,207,182,186,186,153,155,211,190,168,38,29,27,6,9,21,48,8,4,15,71,16,10,8,6,12,12,8,57,183,149,191,186,131,127,190,172,155,179,153,189,172,146,190,173,135,166,127,122,178,175,171,170,173,152,161,172,149,156,110,168,162,132,171,133,132,161,162,155,143,126,155,159,175,164,172,160,103,71,103,129,164,176,187,147,144,144,197,254,
247,187,159,164,164,148,157,142,172,178,172,166,171,169,164,160,168,175,178,175,184,145,176,200,174,178,158,174,178,176,194,188,184,178,186,182,196,185,179,194,155,177,182,187,178,172,190,190,125,27,10,10,11,7,18,41,47,57,17,29,15,8,18,31,8,11,10,100,144,156,174,140,172,170,177,180,177,189,132,187,171,141,190,196,189,139,125,139,171,167,173,167,168,175,173,170,151,132,160,163,167,164,160,163,154,161,162,164,169,158,157,169,169,158,170,161,139,144,167,125,115,149,150,145,148,143,199,254,
251,203,157,142,136,146,161,166,176,159,164,173,166,165,167,159,140,176,156,151,177,168,175,167,178,175,169,176,183,178,177,178,169,112,163,186,184,181,185,183,158,177,183,183,182,164,161,190,77,10,6,42,32,3,41,79,27,35,13,5,21,74,107,134,36,28,38,53,63,83,84,169,184,188,180,179,180,178,175,150,180,176,176,182,189,182,171,182,125,180,178,123,183,169,170,169,169,98,143,158,129,170,124,167,162,165,173,164,148,130,160,156,158,157,164,160,153,155,164,141,153,153,153,149,151,134,172,254,
249,201,173,162,179,159,153,174,165,129,143,185,178,154,135,174,175,161,110,158,174,151,179,130,155,179,178,174,180,179,187,181,189,168,129,152,188,186,153,161,158,184,184,187,156,194,187,161,75,8,51,49,17,90,105,79,18,1,21,39,140,164,138,177,126,49,36,32,41,43,73,112,161,160,168,187,185,194,175,166,178,179,177,175,173,181,178,160,148,182,183,117,141,163,169,171,166,135,147,80,132,134,127,164,157,165,130,158,157,161,140,131,159,153,153,153,149,148,149,152,136,128,140,153,144,121,222,253,
248,195,184,136,169,172,145,124,170,168,163,184,155,102,140,179,174,175,164,137,181,193,139,176,182,175,183,189,184,181,215,194,156,177,200,193,183,194,175,146,177,177,179,166,147,163,199,116,61,14,69,21,7,105,154,134,85,50,80,170,176,147,68,65,138,96,105,99,79,89,88,83,132,125,135,155,175,206,181,178,174,182,177,178,111,160,176,183,168,163,172,194,135,133,167,167,162,133,156,166,135,143,165,159,160,162,190,157,155,157,149,150,166,150,136,136,136,149,153,176,127,90,169,167,182,153,196,255,
245,172,157,166,134,132,135,163,167,169,142,169,173,148,143,163,142,176,171,178,139,156,119,181,182,156,165,197,174,207,179,190,162,149,158,149,175,179,155,171,183,198,112,175,170,182,166,104,25,16,63,17,13,78,115,102,144,31,44,179,183,121,51,144,171,62,63,79,44,46,48,85,39,75,90,32,97,181,171,173,137,129,182,174,172,174,186,172,166,169,183,173,164,171,173,163,138,160,169,132,167,168,159,161,165,190,173,144,162,163,142,135,163,149,143,147,147,152,143,155,147,143,150,146,179,166,194,255,
248,168,169,164,167,163,142,184,164,166,170,184,167,168,167,166,174,175,176,185,167,142,165,180,156,149,148,180,167,190,177,155,176,187,175,143,204,202,186,186,186,192,184,208,190,170,121,43,8,12,60,46,102,65,112,98,107,41,91,178,191,148,166,208,203,82,72,80,93,148,185,191,170,192,109,87,109,148,185,183,166,144,179,173,189,182,175,185,129,190,180,166,170,168,164,142,153,166,182,163,163,170,176,162,168,187,179,135,168,159,159,154,153,135,138,154,148,148,154,115,156,154,149,150,148,145,196,255,
253,174,150,183,161,142,170,140,148,165,170,159,140,159,138,175,179,172,170,179,183,180,175,191,177,153,127,178,196,181,179,143,185,193,185,151,137,111,105,81,82,147,156,119,60,67,25,55,14,12,8,61,61,16,79,119,88,138,147,153,186,185,182,185,201,161,28,49,72,163,128,167,145,176,45,111,148,206,170,148,151,184,176,181,181,169,175,198,165,157,139,186,186,167,131,167,175,179,182,167,154,135,167,182,188,151,160,160,112,125,143,138,151,125,172,148,149,152,148,132,126,153,124,128,173,173,197,255,
251,181,179,166,163,125,163,172,145,153,170,166,184,170,171,169,168,169,193,186,170,191,175,144,184,139,147,129,196,183,175,188,191,180,85,64,10,14,41,72,52,32,23,67,57,41,45,23,15,28,51,75,59,21,19,50,87,137,149,174,191,155,114,120,81,112,29,73,81,116,89,145,50,101,46,73,106,74,81,94,136,181,146,173,146,168,174,198,204,173,174,168,169,147,128,118,169,185,163,135,148,160,163,164,184,154,165,161,147,129,168,165,159,140,149,152,148,122,151,165,165,176,155,109,154,142,201,253,
248,156,161,165,138,127,187,149,168,197,165,164,170,176,169,186,177,175,164,168,180,182,188,185,184,167,183,170,146,191,192,203,154,100,4,18,28,14,69,36,30,50,10,66,58,63,16,9,6,73,92,82,135,51,35,24,69,108,141,158,153,114,151,128,102,53,36,90,112,96,119,107,35,138,106,117,83,93,89,148,197,196,190,181,202,179,170,173,160,165,160,168,173,135,140,134,132,158,180,181,183,163,162,162,159,135,160,195,160,160,170,170,158,174,153,146,147,136,139,151,144,170,137,125,136,143,199,254,
249,202,166,165,158,127,176,171,165,171,175,178,185,181,175,163,148,192,127,142,151,173,185,173,177,183,192,167,141,177,183,194,149,26,10,32,57,14,14,31,100,15,11,82,88,29,64,14,5,116,177,100,128,100,97,29,14,57,107,121,143,100,116,107,167,95,47,94,55,57,67,81,69,75,88,123,135,113,97,134,179,175,154,160,166,165,161,179,165,169,142,158,178,160,127,125,165,165,173,190,129,153,165,161,162,152,145,154,162,161,187,167,170,151,152,138,151,161,134,154,135,154,117,141,147,141,201,254,
249,189,183,177,178,169,167,180,177,155,140,176,173,167,169,170,166,182,156,180,170,161,177,172,179,177,175,146,147,168,191,168,65,29,16,15,7,19,16,20,33,28,30,42,15,11,28,11,5,59,194,161,139,85,59,35,58,30,53,94,92,119,93,110,135,63,123,43,38,34,24,23,81,111,107,113,172,168,215,179,203,138,56,102,158,158,155,173,176,179,185,147,191,172,146,144,170,185,174,184,125,132,159,126,155,165,155,152,174,169,157,157,157,156,106,105,143,150,122,153,152,134,93,124,154,156,197,255,
249,190,201,165,173,163,166,167,171,143,161,173,168,179,188,160,146,169,185,186,184,180,161,178,180,183,178,170,184,188,195,78,22,22,12,28,37,22,15,27,21,41,63,56,17,14,19,11,11,16,136,175,122,112,108,65,41,14,16,43,112,121,129,185,133,96,98,39,35,37,74,63,74,95,130,102,163,113,159,162,155,129,35,59,179,179,173,170,171,173,159,173,132,150,192,141,151,168,136,157,161,166,146,162,153,132,156,156,163,146,156,127,154,182,160,146,147,161,151,151,150,96,136,150,139,118,222,252,
249,183,167,185,132,174,178,200,170,185,186,178,169,187,176,173,134,137,159,189,168,180,152,160,155,144,176,153,192,175,64,11,50,28,67,83,71,25,14,29,93,36,46,17,27,15,13,11,28,10,122,154,162,153,131,50,6,55,43,55,41,83,170,196,168,104,48,44,27,32,59,54,47,75,42,51,88,60,78,140,77,49,36,58,165,178,136,182,180,191,134,143,128,170,148,161,167,173,172,163,138,158,152,185,139,163,159,163,198,169,145,117,151,156,181,164,150,157,149,155,153,146,145,149,140,118,209,248,
247,167,174,158,110,164,186,208,175,173,179,144,163,136,164,176,165,176,145,170,150,181,177,157,188,164,167,151,175,73,6,19,61,6,66,110,15,10,61,28,35,9,7,40,84,44,11,69,109,10,74,151,133,102,101,72,14,18,14,14,46,146,183,184,163,54,81,38,61,59,60,110,91,64,30,82,144,164,144,159,169,167,157,120,178,171,175,176,169,195,170,163,166,169,118,154,170,159,173,168,169,166,140,155,136,163,170,156,161,171,166,121,193,169,147,141,142,146,129,84,157,149,117,151,148,142,198,255,
250,190,180,180,138,138,165,172,168,120,150,174,161,94,137,168,180,168,177,173,179,180,144,145,180,188,187,84,44,60,28,32,46,12,11,31,58,9,26,29,58,26,11,44,61,11,13,24,18,23,55,149,154,56,128,137,21,7,6,10,50,180,190,207,171,54,55,39,89,76,61,81,81,52,35,69,80,180,171,156,177,170,172,137,175,165,178,137,174,123,163,166,180,174,172,167,172,172,160,163,166,161,168,175,161,171,163,124,159,169,168,170,194,132,147,91,117,142,143,117,150,151,141,151,146,144,200,255,
252,173,152,153,174,175,101,155,169,114,143,192,176,175,186,109,162,182,175,177,180,183,179,186,188,182,104,61,73,40,44,54,48,28,36,35,70,30,8,10,30,50,14,83,49,35,17,16,9,45,35,76,106,33,32,18,9,8,25,72,51,140,165,152,151,78,39,112,83,87,39,40,49,103,40,61,30,119,180,147,175,157,144,175,157,154,183,160,180,136,169,166,163,162,162,163,163,173,185,161,164,161,167,151,132,130,165,135,153,148,157,153,115,120,165,158,147,149,147,143,150,147,146,135,130,137,201,255,
247,163,165,141,181,132,130,130,170,152,135,163,167,177,182,169,168,185,178,155,146,179,168,154,153,76,35,42,15,52,60,99,62,45,57,53,74,25,10,15,19,63,21,42,17,70,33,16,12,7,11,73,99,7,10,18,14,8,14,14,0,53,170,181,203,178,97,109,66,66,75,69,86,64,8,5,8,18,165,174,173,166,179,143,167,187,156,158,148,147,173,164,166,166,165,173,163,128,169,166,161,153,125,158,127,130,133,171,172,155,161,155,167,145,150,153,134,137,150,147,159,153,146,126,116,134,202,255,
252,185,162,173,171,158,169,161,99,154,171,145,156,147,157,143,188,168,171,188,176,179,167,159,75,12,12,6,13,12,43,86,31,10,11,4,16,16,10,12,13,17,14,53,13,17,26,17,6,10,11,53,92,18,14,19,19,17,2,36,81,92,146,150,154,152,189,129,103,99,114,146,165,97,65,30,25,65,165,164,144,138,169,164,173,188,158,163,179,161,166,165,167,170,168,184,167,160,163,129,167,163,139,162,171,166,161,179,168,147,146,154,158,172,158,142,130,144,150,124,173,175,159,143,170,150,197,253,
254,190,160,184,164,168,181,163,175,162,169,146,133,151,160,167,176,169,171,174,159,182,160,52,10,9,50,105,42,11,6,22,25,14,12,10,10,11,14,12,13,66,18,7,16,7,10,13,13,11,5,78,80,17,16,19,38,21,105,128,81,71,87,94,154,72,85,104,200,191,195,193,200,128,50,20,29,114,162,166,187,175,165,167,167,158,122,142,188,167,129,162,169,142,168,139,147,169,132,161,163,164,165,158,147,161,157,159,167,153,151,146,141,181,162,137,120,139,141,153,126,117,134,148,158,140,199,253,
255,190,156,170,162,172,177,167,170,163,169,165,131,131,160,170,164,171,172,179,157,161,46,11,14,85,79,82,8,58,40,44,27,17,36,21,11,13,14,14,11,17,16,11,12,13,9,13,14,6,8,38,25,17,22,15,44,99,95,18,7,14,78,140,124,67,57,68,234,242,246,242,210,171,53,50,33,137,203,152,133,170,165,167,167,148,145,127,138,168,167,178,152,141,168,161,162,183,166,160,163,160,167,154,144,163,160,155,155,160,169,156,134,165,165,152,154,145,144,156,146,143,142,145,151,129,203,252,
254,185,159,161,160,168,178,165,129,164,164,166,164,165,174,170,170,171,174,180,122,48,67,18,13,49,39,16,14,20,20,11,25,63,66,32,6,11,16,15,13,12,15,16,43,42,17,17,12,12,11,19,76,41,9,8,77,107,38,8,13,7,28,159,185,186,164,203,230,207,242,237,131,130,23,44,53,157,113,155,168,182,165,166,168,155,145,177,174,167,156,109,154,167,174,170,166,178,171,164,167,184,139,136,164,133,162,160,156,153,180,175,168,135,145,149,151,149,149,149,149,145,147,150,143,131,199,255,
254,190,123,154,162,157,162,163,137,124,171,131,143,181,172,173,170,171,183,163,44,6,22,15,17,14,17,16,17,15,14,12,17,18,43,25,11,11,12,16,11,11,11,12,51,50,16,9,13,104,41,13,21,48,1,63,129,81,61,24,106,20,8,147,189,180,204,238,241,231,246,197,132,115,28,47,63,174,147,190,163,189,182,169,167,168,164,173,175,180,152,131,165,167,170,133,166,163,177,163,162,168,160,144,166,140,150,162,168,112,141,154,155,156,161,167,147,148,146,159,152,147,147,141,141,127,196,253,
251,188,137,147,184,164,163,167,147,153,155,131,134,160,166,170,169,175,155,61,41,19,13,14,12,13,12,15,17,13,17,44,4,59,31,12,13,16,25,106,17,10,12,14,9,7,9,29,116,49,12,9,10,7,77,114,55,40,55,13,24,9,2,79,176,150,200,192,121,206,223,146,152,60,101,53,106,192,204,170,164,156,161,169,147,164,168,162,165,180,168,137,123,141,145,172,185,163,155,164,162,164,163,165,160,156,160,162,168,145,147,157,165,109,164,166,147,149,146,141,158,165,143,145,141,135,197,251,
247,195,171,157,162,171,163,148,160,146,136,167,165,165,166,164,169,180,77,6,49,20,17,12,14,13,7,10,55,40,14,48,10,15,18,10,63,25,46,35,59,52,11,15,17,10,42,90,86,25,8,9,4,60,141,45,5,28,42,9,11,13,8,31,174,191,152,145,122,229,231,151,44,15,62,82,183,180,168,162,138,159,134,150,148,142,161,152,143,142,162,166,168,135,141,174,153,169,174,164,164,163,159,174,159,166,169,172,155,156,182,159,153,151,167,115,158,157,147,126,153,142,109,143,143,135,175,253,
250,184,158,137,143,177,168,148,157,152,164,158,162,167,132,160,186,136,20,14,9,13,9,7,6,13,15,16,19,14,8,8,15,13,12,13,17,11,38,81,51,14,18,10,11,45,17,43,54,48,10,4,50,92,48,23,14,22,50,33,11,11,8,66,58,58,92,61,73,131,139,29,13,19,72,122,187,173,199,162,145,170,162,147,167,165,174,173,187,153,105,140,178,164,160,168,148,167,193,155,143,160,159,154,162,161,155,165,173,156,157,151,126,152,153,126,144,154,165,168,112,132,122,108,151,148,186,253,
251,185,158,173,161,164,157,184,173,137,136,166,159,129,167,174,190,106,34,11,33,31,30,36,48,19,16,9,10,14,8,40,25,6,13,18,13,13,10,11,62,20,41,70,32,60,39,39,34,30,7,47,130,26,8,15,11,10,19,40,8,10,9,7,7,5,125,61,7,2,8,10,16,97,105,159,167,173,176,175,151,164,161,166,162,172,176,180,168,178,159,157,164,159,167,177,188,158,158,165,145,160,161,167,137,163,156,125,179,159,132,156,154,150,168,181,126,153,148,164,159,96,132,134,114,124,220,254,
252,176,138,194,161,181,161,161,173,169,146,171,171,164,163,166,170,83,52,48,47,60,24,36,40,17,12,36,30,13,8,78,46,6,22,19,43,23,12,9,15,14,6,28,29,21,30,8,9,7,38,121,39,12,12,12,13,16,40,15,13,10,9,18,98,23,37,88,11,21,10,10,11,14,19,119,176,115,154,169,166,167,165,162,164,167,162,166,168,104,145,149,166,160,142,169,170,185,163,181,172,141,156,163,156,165,149,170,160,156,140,152,129,168,138,133,133,147,141,114,147,149,146,142,137,138,200,253,
254,150,126,161,165,164,172,165,169,185,162,124,174,182,164,172,186,88,5,11,83,42,13,13,12,12,13,33,30,17,21,14,11,15,13,7,84,71,9,13,11,10,52,40,33,7,17,34,32,22,87,51,5,18,47,12,12,11,69,26,11,12,6,56,145,9,12,45,8,15,13,12,13,14,6,99,174,152,169,161,167,161,161,163,187,182,166,149,150,143,169,171,156,145,177,157,172,167,137,217,202,145,154,163,165,176,166,167,159,146,140,158,101,167,143,146,155,123,101,149,138,112,138,127,150,142,193,251,
250,188,159,144,151,151,153,122,158,119,166,169,142,158,142,141,185,150,24,7,11,9,35,44,9,6,56,41,9,26,69,14,97,32,18,14,38,22,11,14,12,8,44,33,29,50,67,36,47,124,63,11,14,18,43,10,8,40,89,58,4,5,8,40,99,104,52,59,70,99,47,33,31,9,6,46,175,195,191,160,164,163,164,163,129,159,161,155,150,167,147,145,169,155,164,166,169,163,137,163,183,174,147,138,173,205,149,126,145,132,119,160,139,103,128,140,158,152,167,151,135,144,146,125,140,149,199,254,
247,181,159,148,150,151,151,168,170,147,156,159,112,132,147,148,179,172,122,15,8,10,11,13,4,15,16,12,57,43,9,20,44,15,11,16,32,57,10,14,12,51,70,12,7,60,27,53,82,111,6,9,15,13,15,11,13,36,52,61,43,7,6,12,93,170,49,99,170,162,61,26,26,9,18,73,160,178,185,134,160,166,163,150,142,177,162,161,168,163,127,147,172,164,156,103,147,144,77,115,167,133,179,147,160,163,150,138,122,156,121,153,157,140,150,143,156,152,147,139,153,103,130,125,141,166,221,255,
250,151,154,165,175,166,147,129,133,180,162,162,165,147,162,172,171,170,183,104,9,11,12,12,47,52,39,12,67,14,15,14,6,47,27,15,23,18,18,13,16,96,25,9,46,81,24,15,12,34,35,13,14,16,10,9,12,12,11,17,34,6,8,24,75,117,25,119,191,117,54,14,8,10,11,94,197,180,164,171,178,161,168,173,164,173,162,157,174,172,159,160,166,153,134,129,156,172,93,175,167,149,165,159,140,162,160,176,141,149,170,153,156,154,163,157,148,153,112,151,133,124,168,154,149,170,163,253,
249,194,158,158,190,171,145,102,180,178,177,167,163,151,142,159,138,178,173,189,95,9,10,17,40,14,5,5,24,103,14,18,52,39,36,14,61,28,19,13,41,51,12,58,61,11,12,11,16,33,24,43,30,10,13,48,23,20,13,12,4,25,43,3,32,41,70,32,39,70,23,123,50,7,56,123,174,165,166,176,149,159,167,170,162,162,159,134,162,138,137,161,144,182,156,187,202,193,175,188,181,151,129,174,187,162,137,160,163,146,141,159,153,154,165,151,152,149,151,169,143,144,151,154,126,145,149,255,
247,195,178,173,158,137,151,172,162,157,160,153,131,173,161,162,167,164,175,187,162,68,11,10,51,9,38,31,12,33,12,21,73,9,16,28,47,9,70,24,17,14,37,35,40,26,16,5,43,37,4,32,23,15,59,40,61,13,14,5,7,18,27,57,109,36,48,16,3,43,63,41,66,77,151,133,156,134,168,167,168,164,165,153,143,167,107,175,165,167,159,158,141,173,162,149,192,181,187,182,195,184,164,159,182,151,155,141,132,167,173,136,106,159,170,165,160,151,144,179,183,143,145,161,106,135,204,253,
251,175,153,167,164,164,162,162,169,161,166,180,165,151,136,170,167,169,166,180,136,158,77,16,35,15,28,36,9,8,8,22,73,12,13,21,35,16,14,23,18,13,50,109,42,42,45,32,24,21,19,8,11,18,13,26,34,13,27,44,24,46,3,62,109,11,42,20,10,13,12,41,79,103,159,191,159,143,152,174,166,182,168,173,121,164,131,144,164,177,158,161,163,157,150,159,151,149,188,186,185,158,156,162,157,154,148,166,180,157,163,168,120,137,163,134,134,156,163,121,144,146,141,155,155,138,216,254,
252,176,147,157,163,166,168,160,176,169,164,173,164,161,183,166,170,181,168,171,151,167,164,128,60,40,6,103,80,24,56,14,29,13,9,11,13,16,8,66,20,17,31,62,39,54,58,53,29,52,38,11,10,55,46,65,9,8,18,37,18,31,3,34,84,14,94,162,40,26,16,77,46,14,85,180,173,178,165,168,170,179,163,161,164,165,167,164,177,144,118,166,162,156,114,170,172,188,183,184,166,134,152,135,141,139,155,156,138,159,160,159,156,144,141,140,141,160,166,143,143,113,115,149,158,140,193,254,
252,189,158,126,171,137,175,192,161,162,159,164,177,167,163,164,162,160,171,170,153,141,179,163,57,45,14,11,27,43,85,25,8,9,15,15,12,7,12,12,14,14,33,38,34,39,39,116,22,11,18,23,23,8,13,14,10,15,6,57,22,4,52,50,52,35,164,220,70,58,37,91,16,22,60,166,164,129,167,157,180,167,132,158,173,164,159,179,177,164,143,156,158,161,153,142,176,187,121,174,173,167,163,150,166,179,131,71,115,161,154,165,168,146,122,108,163,126,141,153,136,134,123,151,123,137,202,251,
248,205,156,166,184,175,166,165,163,180,167,157,170,165,160,179,170,182,202,179,169,152,135,128,59,48,39,3,14,58,25,30,7,15,100,30,9,56,60,26,34,45,46,58,26,30,34,50,33,15,97,40,65,89,26,26,57,21,11,6,5,6,31,76,22,45,160,205,61,2,97,157,26,18,45,121,165,156,157,164,143,174,184,150,143,172,176,160,171,171,147,152,180,163,153,160,178,188,148,171,191,160,157,156,160,161,152,145,156,157,160,156,171,168,121,130,173,154,143,143,146,147,150,145,159,120,174,253,
248,194,162,163,159,142,167,125,167,170,178,177,168,168,165,173,163,168,171,165,169,181,179,123,29,19,15,12,10,31,15,62,11,19,34,13,28,73,78,69,28,35,23,23,20,30,32,21,25,25,36,12,16,52,21,23,51,54,7,45,36,48,17,71,20,54,154,178,59,102,178,178,85,7,29,107,185,168,168,171,148,142,165,118,171,178,169,169,177,146,139,163,180,171,149,199,192,191,174,178,194,174,159,145,163,132,150,165,201,169,125,156,159,180,164,151,151,136,119,155,152,151,122,136,144,129,189,252,
250,149,157,163,163,164,164,167,167,176,173,164,155,183,168,163,151,135,167,172,151,169,182,93,1,48,42,19,17,10,11,5,19,14,13,12,76,65,68,46,10,34,51,11,39,32,31,26,15,12,24,30,20,14,9,33,133,61,9,49,63,19,73,61,16,30,174,206,87,174,171,167,138,19,20,45,156,170,166,168,165,166,150,148,186,124,139,164,160,185,157,157,150,128,151,168,192,183,184,157,188,160,168,161,156,152,99,176,174,137,149,155,152,150,160,159,157,147,157,151,151,178,120,134,145,144,200,252,
248,183,180,167,182,159,138,161,158,145,155,160,132,162,163,155,164,166,166,138,157,127,149,66,5,7,11,61,12,8,6,3,87,47,4,16,14,67,83,29,7,10,11,11,79,55,12,18,36,27,76,63,23,16,11,11,107,174,105,60,17,3,36,72,11,56,181,210,105,162,169,173,115,51,22,34,102,173,177,138,169,167,166,144,162,166,186,162,167,131,129,135,125,150,169,165,201,183,163,149,208,130,134,157,159,174,166,156,168,190,191,178,138,141,158,138,151,154,169,157,149,164,153,152,152,136,201,254,
251,188,129,184,177,164,151,163,163,154,161,131,152,164,165,137,163,161,149,131,178,172,173,48,3,9,6,4,9,7,19,14,18,24,55,8,24,59,22,15,7,20,16,7,54,30,31,29,60,25,31,44,71,33,9,16,152,178,176,122,40,24,73,108,31,61,138,220,108,131,132,165,136,114,54,23,95,176,166,169,188,166,161,153,163,162,165,166,181,148,164,133,167,197,172,171,193,153,112,172,183,161,174,158,161,160,152,156,168,193,209,172,169,200,155,145,156,157,161,163,146,145,135,152,170,162,194,255,
249,184,136,165,165,165,181,153,101,165,170,129,144,165,165,166,185,141,160,158,163,177,161,20,6,8,10,12,12,5,56,46,21,12,25,11,11,67,20,13,9,15,13,61,33,11,19,75,14,11,20,45,18,10,23,28,172,167,128,160,124,71,103,62,77,48,142,213,128,112,115,148,171,166,48,12,48,133,157,184,143,196,195,183,133,161,144,133,159,160,160,163,179,165,175,169,199,192,182,187,165,150,170,169,149,119,148,170,133,167,161,156,163,186,156,146,172,117,159,137,128,147,148,149,150,146,198,253,
244,198,189,160,127,162,171,176,165,161,165,167,134,128,171,142,144,173,182,168,138,180,115,11,11,9,8,14,10,46,66,35,61,26,8,8,25,36,29,32,44,14,17,28,10,36,45,5,16,12,14,63,12,10,49,121,182,169,151,159,70,49,48,95,153,58,170,209,125,174,158,159,166,167,69,10,30,66,164,196,148,193,203,192,177,190,144,135,169,164,167,184,163,163,153,163,183,185,189,189,189,160,150,193,159,177,180,171,156,147,152,149,144,160,142,135,153,165,125,140,126,141,152,148,139,117,200,255,
250,189,160,159,144,160,131,145,154,162,151,165,167,157,171,175,141,161,166,169,184,188,49,7,12,10,12,14,8,21,18,12,20,66,56,3,55,37,45,74,111,25,8,17,35,25,25,62,15,46,40,13,14,7,60,168,186,172,165,138,33,24,75,75,146,56,104,184,109,140,168,144,156,128,68,29,15,28,128,168,204,200,193,163,195,186,171,171,184,185,175,184,176,172,156,165,177,186,167,174,188,156,142,130,156,162,160,116,147,147,151,146,158,162,160,154,150,175,149,144,151,140,147,146,141,132,199,253,
255,189,159,163,131,177,155,148,177,160,137,164,164,172,134,155,183,173,170,169,200,93,68,13,9,10,16,14,11,12,15,15,59,35,25,12,26,51,8,7,30,68,97,17,61,15,14,32,16,24,24,14,13,4,79,147,154,158,142,151,60,60,93,98,136,66,182,206,129,163,164,185,154,67,129,70,14,68,95,176,196,183,195,148,152,193,205,160,172,147,104,130,134,159,156,160,182,167,140,152,187,140,137,161,176,157,162,134,138,132,153,150,126,115,153,153,173,145,139,146,139,145,168,147,147,160,182,248,
253,178,148,152,147,145,134,143,193,151,166,166,163,147,147,154,152,158,151,192,168,21,27,7,42,44,15,19,13,12,13,15,25,14,10,26,62,24,57,24,10,20,37,10,38,45,9,13,76,21,12,15,10,54,132,165,166,168,168,119,21,65,76,110,122,64,179,196,133,160,161,173,86,84,122,116,71,34,141,169,172,187,179,169,185,148,186,195,204,177,147,168,189,157,120,165,182,151,171,166,187,157,129,163,164,160,151,145,176,150,137,150,171,124,139,156,162,135,118,144,127,159,153,122,135,168,214,250,
255,160,118,139,159,105,110,129,142,115,132,166,186,170,167,158,126,159,173,155,84,5,9,23,34,22,10,14,13,30,23,15,20,63,13,34,68,8,43,19,14,15,11,64,24,14,39,43,48,71,39,14,9,35,133,159,193,197,198,97,0,68,46,153,137,53,171,150,118,169,166,151,69,73,89,134,66,2,73,114,149,200,181,163,131,180,193,160,200,195,150,134,147,139,185,158,171,177,154,160,185,166,173,158,147,142,143,166,122,125,110,155,178,152,152,153,181,160,157,189,165,160,171,143,166,134,183,253,
254,155,106,114,120,114,135,118,103,138,158,152,115,165,166,170,140,170,175,148,26,12,7,39,35,15,63,12,15,50,54,20,14,21,10,15,39,64,68,21,14,65,20,21,18,64,23,18,5,18,20,17,8,64,161,174,142,188,147,55,24,84,52,173,114,73,185,227,141,140,159,164,100,93,163,168,110,9,26,77,183,141,145,158,156,190,186,186,197,171,171,170,138,151,154,137,160,174,191,190,191,162,164,149,133,156,159,175,111,139,126,152,179,150,156,146,169,158,149,160,152,168,150,152,154,133,175,255,
254,153,102,111,159,134,138,155,116,129,148,155,141,172,135,160,177,181,146,68,63,18,67,11,9,10,18,51,24,8,43,43,80,70,50,6,50,36,18,17,15,24,38,16,13,20,18,17,34,14,16,13,42,150,177,169,144,168,168,27,31,83,83,199,155,68,189,214,124,131,121,160,89,114,139,134,153,45,18,78,151,122,118,175,189,172,159,150,163,182,156,183,167,171,123,163,170,166,177,183,172,159,135,164,147,168,152,160,158,141,151,144,149,117,145,151,155,161,150,151,164,174,155,152,120,150,199,251,
253,149,102,101,114,107,119,132,109,152,119,152,176,159,191,170,143,202,155,31,17,17,19,67,16,13,11,81,35,6,15,65,54,43,56,21,58,14,13,11,16,13,58,68,19,15,17,19,54,16,14,13,106,189,193,188,196,211,169,13,41,114,93,195,170,67,169,210,133,142,158,176,112,124,108,132,145,109,6,26,86,167,85,158,179,157,180,150,144,176,183,176,169,196,139,149,194,177,189,150,149,169,142,162,136,161,141,150,158,150,135,128,162,147,135,152,163,124,184,121,152,176,156,131,164,156,205,253,
253,150,87,89,104,102,145,143,158,141,133,153,159,172,128,92,105,145,139,29,9,12,13,22,15,7,49,31,11,14,14,15,19,59,5,15,22,16,15,13,10,17,15,26,13,15,16,12,7,10,15,8,115,214,203,214,215,218,132,1,49,103,99,167,176,108,156,192,121,196,185,188,189,197,169,139,94,156,29,20,40,158,182,158,166,151,122,145,166,149,157,133,128,158,172,157,128,139,167,162,167,156,168,165,152,162,158,161,160,166,162,162,165,159,145,143,117,103,136,131,134,159,137,133,134,132,192,255,
249,164,133,106,110,146,171,161,138,171,148,128,184,122,128,130,112,79,53,39,64,13,42,45,10,13,13,33,26,14,14,14,19,70,7,12,13,19,17,13,38,21,11,11,14,16,68,37,15,9,29,32,167,221,222,199,214,228,100,0,78,44,154,150,136,78,188,208,127,178,196,178,187,196,168,156,130,122,64,6,67,112,180,150,142,164,167,172,149,135,154,154,144,153,158,115,93,150,134,133,133,162,170,176,167,167,159,148,179,179,179,178,182,192,190,170,157,165,144,119,112,92,150,136,137,147,196,255,
251,163,119,82,59,148,128,140,107,89,133,115,134,133,137,86,75,57,12,5,21,12,12,21,10,11,6,42,35,11,9,14,57,37,11,12,10,65,27,8,53,19,34,31,40,25,22,52,51,34,35,35,130,157,158,96,114,149,52,3,101,57,121,124,104,53,167,216,114,128,143,165,172,178,168,146,145,140,120,67,24,36,104,128,147,132,151,134,120,146,97,143,180,174,141,139,108,152,164,160,165,174,179,187,187,160,178,182,183,183,182,183,193,195,193,195,169,179,121,102,144,79,132,100,74,94,181,254,
249,181,88,65,67,72,72,64,62,71,68,69,64,60,67,69,70,48,10,6,11,12,69,13,12,12,15,8,12,14,13,14,23,35,12,37,38,67,12,22,29,12,54,43,62,34,44,42,13,35,19,63,162,174,167,166,156,167,23,19,99,54,139,186,157,80,200,210,136,177,177,143,89,166,159,110,146,116,145,51,8,71,103,45,99,104,130,99,64,136,81,134,192,158,99,92,99,122,136,173,212,183,147,185,188,151,177,188,196,185,189,188,188,186,131,128,125,126,82,137,124,87,155,97,107,87,176,254,
253,110,58,57,62,81,41,51,87,74,50,68,93,50,60,63,66,28,9,13,10,15,15,30,84,15,12,15,14,13,14,8,28,102,3,56,71,59,21,77,51,13,11,12,16,12,18,17,10,35,32,91,73,72,62,65,68,56,9,38,88,29,88,86,40,40,181,219,115,67,84,110,103,136,165,141,139,153,155,98,13,22,56,88,124,92,121,134,43,168,106,135,138,35,40,32,44,53,90,74,136,142,187,192,192,188,199,191,202,192,171,184,152,125,86,100,98,97,76,79,48,68,89,106,117,88,181,254,
251,123,76,103,81,144,70,98,70,72,96,99,92,80,92,99,108,43,17,9,13,10,92,73,37,15,14,16,14,11,8,73,50,9,15,15,18,17,15,12,15,16,70,20,19,18,66,16,12,11,103,75,40,70,66,35,18,83,68,44,62,75,134,60,31,91,178,192,133,145,103,95,74,75,87,89,83,80,136,126,43,55,75,72,143,116,103,105,73,124,111,87,62,51,73,42,28,33,38,32,35,64,131,171,192,193,192,196,171,191,139,129,69,105,129,89,93,125,54,60,88,54,110,104,103,62,160,255,
252,148,117,140,124,121,135,105,121,124,138,129,104,139,133,131,92,90,26,11,43,37,37,13,13,15,11,11,14,14,7,84,55,12,16,15,11,33,52,91,30,13,16,9,12,15,21,19,15,12,63,134,130,128,133,113,116,49,13,79,45,140,139,66,83,150,112,124,103,201,199,75,62,71,83,48,62,67,141,116,98,34,79,50,114,106,65,92,84,133,102,71,28,47,44,27,39,30,43,45,35,40,57,55,140,195,178,185,157,139,84,61,69,87,120,105,98,99,107,61,60,59,53,55,48,58,155,255,
252,152,121,139,167,139,134,108,127,125,124,170,124,146,147,138,41,30,54,8,46,34,34,13,18,15,15,16,15,14,14,14,13,24,62,13,16,12,12,48,17,11,12,41,16,14,18,15,13,10,101,165,139,100,136,140,146,47,51,99,60,138,104,57,137,113,32,48,103,177,164,135,87,116,100,69,61,107,108,83,118,46,22,60,79,84,81,81,103,123,128,87,44,58,46,37,33,38,39,68,37,24,26,30,37,83,155,171,125,69,51,49,39,86,113,71,123,100,85,44,41,42,37,42,28,34,143,255,
251,145,116,128,123,124,120,115,125,123,157,104,118,105,130,108,20,11,13,11,10,12,15,13,14,21,10,48,34,50,37,7,11,14,25,15,21,41,12,6,14,46,17,44,67,20,12,15,10,37,174,197,196,190,205,162,145,33,16,111,112,111,62,40,143,83,102,105,131,107,60,163,125,62,83,75,81,129,82,76,98,88,41,7,91,97,74,114,84,124,136,58,46,48,32,64,85,45,45,78,48,56,32,42,43,60,142,112,66,84,61,75,67,90,101,93,95,48,17,67,11,25,26,37,71,15,136,255,
247,157,141,120,122,120,127,123,150,117,135,150,153,117,149,80,57,27,15,12,37,52,8,14,16,71,23,48,18,16,15,13,14,26,64,12,22,41,13,10,12,47,17,13,50,21,15,10,40,110,241,235,205,236,239,207,168,28,33,144,125,133,49,69,141,63,111,178,115,33,60,108,190,132,73,68,125,113,96,95,95,134,73,21,70,99,64,103,103,95,94,56,69,71,90,98,159,120,83,68,87,98,82,91,99,105,95,108,101,116,81,93,131,100,105,87,75,29,22,37,55,34,43,38,35,31,147,255,
251,152,103,134,161,146,123,113,112,96,134,150,143,160,117,23,12,13,9,14,14,10,17,10,13,15,17,50,68,14,12,14,17,13,10,14,16,42,16,9,12,12,16,67,52,15,87,38,9,65,123,114,110,145,150,112,60,3,53,89,96,129,35,128,116,54,158,219,119,55,92,110,100,155,126,84,89,149,116,106,113,116,60,25,100,94,127,100,117,116,101,105,102,98,123,89,168,150,96,95,96,124,127,130,124,125,129,129,129,125,123,128,131,120,116,149,115,109,85,119,134,118,119,116,111,86,164,254,
252,145,130,135,131,140,133,144,164,121,106,116,128,139,109,16,14,11,13,13,14,10,68,16,14,14,11,11,15,9,14,11,15,22,45,11,14,44,17,8,16,13,14,19,63,34,52,60,65,116,125,149,152,144,154,102,43,4,86,52,110,123,68,139,136,52,157,221,129,151,145,151,158,104,153,146,110,140,136,137,135,149,116,14,44,89,140,140,160,174,106,141,138,155,156,139,151,135,142,143,136,142,144,139,142,143,130,116,146,150,150,140,137,118,149,147,152,150,151,131,148,165,134,137,129,116,179,253,
252,167,149,133,128,127,145,130,131,126,105,110,104,155,80,26,67,14,10,77,67,49,7,11,21,16,12,14,18,47,13,12,12,33,92,10,65,23,61,25,15,10,39,50,65,67,32,8,35,133,167,134,139,150,147,141,28,3,118,85,127,70,106,164,123,60,159,218,104,118,142,136,126,162,114,173,168,165,139,133,118,174,125,72,19,24,82,131,159,138,176,153,150,144,167,160,148,142,113,165,178,124,135,127,100,147,140,143,139,151,138,118,142,118,146,145,138,94,124,138,157,141,141,113,130,130,164,252,
252,174,129,115,136,117,127,137,134,152,133,136,142,172,67,30,59,11,12,25,33,10,15,16,70,20,14,13,16,42,15,14,23,67,8,19,15,16,11,17,27,12,34,39,11,37,17,13,26,131,139,113,152,175,165,119,9,18,100,74,139,44,138,169,121,59,148,220,128,151,144,148,165,139,121,88,183,160,138,144,140,134,134,114,9,23,40,156,130,136,131,134,134,109,134,138,147,151,119,134,144,175,166,108,112,116,138,138,136,133,131,127,126,140,158,135,153,115,138,142,144,115,136,133,131,123,193,253,
250,172,131,128,147,142,131,145,150,152,131,155,145,85,35,56,68,20,7,56,16,14,11,13,16,12,15,17,12,14,9,13,16,12,51,23,11,17,15,8,68,16,27,33,13,14,10,10,65,152,159,157,150,152,163,96,1,36,99,46,107,101,172,148,94,58,156,214,130,144,127,121,156,155,131,121,86,168,145,107,133,126,113,147,46,13,35,129,122,126,77,123,166,127,122,127,125,97,110,129,151,152,138,122,126,117,141,121,122,113,137,110,102,122,161,122,109,122,137,130,106,92,74,115,116,110,181,255,
251,169,138,133,133,151,146,175,149,146,181,121,142,80,7,16,37,30,49,34,16,16,22,9,12,14,18,14,17,68,50,14,13,11,38,28,13,38,77,8,18,54,22,83,46,11,21,19,135,149,112,139,115,144,194,91,1,48,93,78,63,150,156,103,123,64,152,206,142,138,120,116,125,124,128,153,108,74,172,159,110,109,96,144,81,9,17,72,121,158,134,137,131,97,103,104,110,108,113,86,106,108,105,105,108,74,97,101,142,125,107,122,79,97,113,135,96,107,119,114,113,108,106,115,122,138,177,254,
252,145,131,136,120,112,131,190,148,132,149,142,130,38,23,61,7,29,85,16,7,43,49,50,18,17,13,13,13,20,40,13,13,14,13,61,26,28,61,12,10,36,68,33,31,14,63,63,139,148,143,133,127,141,127,37,3,85,73,90,103,193,126,131,106,54,152,208,155,144,129,131,129,129,126,140,119,135,126,175,135,126,111,135,127,17,49,93,102,110,117,117,102,99,63,81,103,102,107,90,123,104,77,96,99,103,96,83,93,101,92,117,77,103,103,156,105,113,116,113,133,103,130,114,82,74,179,255,
254,168,131,135,123,125,145,129,158,127,148,137,133,24,13,14,30,67,8,10,12,10,12,36,21,22,11,12,10,54,38,12,16,16,16,28,14,22,32,8,32,43,7,13,13,13,21,101,137,119,120,100,128,134,86,23,41,110,56,60,156,189,139,114,145,91,183,209,125,140,126,127,114,117,124,133,114,99,132,157,167,136,138,117,119,43,37,24,77,110,93,131,117,113,111,64,85,94,130,85,123,108,107,106,107,128,124,89,103,94,89,104,78,120,123,116,125,78,114,105,113,124,107,103,92,91,180,255,
253,182,141,126,133,118,131,126,129,126,125,121,135,78,92,23,48,70,20,52,10,11,8,6,50,49,9,18,7,51,34,9,8,16,31,112,26,21,11,10,25,50,43,11,16,12,93,150,140,120,125,135,134,141,87,51,53,108,30,43,182,143,127,134,180,84,182,212,116,158,128,125,120,114,128,124,102,79,108,111,104,123,130,116,130,89,9,18,47,94,152,126,109,123,118,125,114,107,109,116,124,120,118,109,126,117,131,92,110,110,120,107,96,122,130,125,107,92,108,109,86,127,123,109,107,106,182,255,
249,174,133,125,131,121,124,130,152,137,130,128,133,174,80,6,32,21,17,33,65,15,14,10,14,66,14,11,14,28,60,22,55,26,76,50,45,70,21,24,17,24,32,14,9,9,33,130,112,119,135,112,135,142,42,28,40,109,12,115,159,104,126,140,164,79,142,208,116,121,127,100,123,100,120,119,161,98,86,121,92,104,168,108,117,117,28,12,66,110,124,117,123,123,103,126,96,117,127,174,107,138,131,122,145,124,147,132,114,146,100,92,113,116,139,123,106,111,179,122,129,139,147,122,88,116,190,255,
249,165,124,133,131,130,129,154,151,136,147,156,130,135,126,98,18,55,27,6,82,20,10,10,15,12,8,11,0,56,57,13,33,14,13,11,38,18,10,63,25,24,16,11,13,8,79,141,109,138,135,149,110,155,126,64,48,98,34,186,118,121,157,142,143,70,121,171,131,144,134,133,128,128,129,148,142,123,129,140,137,107,123,178,157,115,77,9,34,62,158,140,157,123,133,132,94,131,110,121,127,125,124,153,118,127,114,89,103,130,116,116,119,119,119,115,117,111,115,109,101,120,119,159,90,80,179,255,
249,143,132,162,138,133,131,153,170,145,145,153,142,140,132,93,85,37,12,14,10,14,19,14,10,10,25,16,89,31,3,11,55,30,13,17,15,12,12,24,12,109,29,13,14,12,127,155,139,147,162,164,142,161,67,1,84,59,70,190,155,145,162,163,141,108,140,184,108,149,138,138,136,155,147,127,158,135,141,123,142,154,127,155,178,150,124,18,9,20,124,139,133,137,118,118,124,128,132,149,127,133,140,132,139,129,125,113,103,132,127,125,142,144,128,143,122,109,106,91,111,142,98,121,120,119,188,255,
252,151,136,149,124,120,141,146,169,175,150,166,142,113,130,100,145,143,84,17,13,15,13,11,12,13,65,26,43,20,47,52,99,23,16,18,17,7,4,64,20,28,17,14,15,71,171,160,154,138,156,140,146,108,19,47,104,41,128,147,122,106,109,115,123,109,130,154,131,124,124,123,121,137,119,124,147,134,133,112,120,134,129,104,147,177,136,99,9,15,115,149,137,146,113,134,162,142,135,136,131,131,143,131,130,111,118,114,144,122,134,132,132,137,132,130,100,105,151,124,130,142,127,115,128,122,190,255,
249,169,115,106,152,131,135,117,135,165,125,106,136,117,131,127,140,169,115,25,9,10,15,12,12,11,16,62,8,11,29,66,124,72,7,11,11,15,5,11,16,13,12,9,15,74,144,160,150,153,138,123,109,50,8,31,128,75,166,160,123,120,126,124,110,138,138,129,134,128,130,124,103,135,161,141,131,132,134,141,130,121,138,150,105,138,165,117,15,34,84,151,147,142,135,124,125,145,150,106,90,96,127,118,134,124,128,136,126,114,153,120,106,139,170,83,94,137,144,145,117,98,120,88,94,126,191,253,
253,172,134,140,144,142,112,130,130,162,144,121,157,94,108,105,155,121,104,19,73,84,19,17,13,7,13,15,21,15,14,11,12,33,13,17,16,7,10,14,18,8,31,45,38,119,147,146,150,164,151,143,178,88,41,72,99,166,193,136,124,137,135,142,141,126,139,94,124,149,128,134,135,86,139,116,135,105,131,120,140,156,131,129,134,99,135,153,50,70,189,152,108,112,135,112,92,104,135,139,128,111,92,104,144,115,132,141,111,105,123,123,119,118,123,102,85,129,117,83,130,104,120,112,106,90,187,248,
252,174,128,136,143,136,136,140,189,118,106,132,149,134,100,118,167,166,109,8,75,102,54,42,7,12,6,81,65,11,16,15,18,15,16,14,8,55,19,12,13,12,22,25,9,105,154,147,136,135,117,137,137,47,67,194,209,159,136,140,119,131,136,149,162,147,161,123,131,121,159,168,169,149,163,172,160,134,156,132,116,139,137,141,156,136,84,172,178,104,173,109,101,127,126,126,156,87,159,124,145,125,114,153,141,141,138,115,140,99,106,113,121,107,100,100,80,103,118,155,130,102,119,98,105,79,184,249,
252,190,132,143,147,127,143,121,166,161,128,142,137,142,141,144,136,142,113,51,21,37,43,12,9,12,10,18,11,10,17,18,14,20,14,12,11,22,9,13,16,23,24,12,32,148,161,118,122,163,148,146,117,15,11,122,145,128,128,136,143,148,117,135,131,142,157,116,131,120,150,142,117,152,136,105,126,105,95,134,142,148,134,132,125,131,120,144,172,54,20,17,102,140,153,148,127,117,146,121,131,102,112,130,136,154,152,129,140,138,113,82,83,109,122,118,131,107,122,160,135,132,108,137,175,111,195,254,
245,160,132,130,167,129,125,138,118,127,136,158,146,107,105,148,148,162,103,24,55,35,99,23,9,13,14,28,46,34,8,10,13,13,30,24,58,29,25,16,17,32,52,8,52,183,161,111,127,167,165,153,116,58,6,114,51,74,117,159,146,117,125,120,155,143,131,131,146,149,137,142,101,118,127,128,130,134,144,112,136,106,151,109,121,123,110,128,124,97,36,14,67,130,120,107,109,106,101,101,91,117,113,118,99,114,128,129,122,148,115,122,103,116,117,158,138,117,127,149,130,137,158,135,140,128,192,255,
251,167,150,163,198,187,132,110,143,150,132,133,142,118,110,149,143,146,79,32,10,25,62,66,20,5,15,51,28,65,34,24,17,22,60,28,20,27,49,8,40,56,5,9,76,139,150,150,155,123,139,146,72,16,20,119,50,138,146,144,159,135,137,103,155,123,117,121,123,119,156,111,115,151,114,157,144,136,132,121,160,133,145,162,172,153,119,103,120,99,27,7,25,98,107,116,133,125,127,135,138,178,140,138,105,102,107,117,137,112,113,136,115,110,90,108,99,104,119,95,95,101,119,109,93,82,174,255,
248,163,129,121,133,149,149,126,125,118,119,128,131,121,104,160,143,139,82,77,25,17,46,90,37,45,16,50,88,46,11,46,28,45,23,4,4,71,18,7,19,41,56,61,91,114,111,122,82,88,100,118,37,3,32,114,45,113,118,115,107,142,129,94,117,128,118,101,109,119,115,114,132,141,131,134,107,110,136,135,136,106,117,113,151,157,114,112,122,96,93,28,36,62,154,120,122,132,111,144,160,142,124,113,112,97,128,131,128,121,158,142,127,121,126,125,93,118,156,104,99,97,83,123,125,59,165,255,
254,163,114,125,127,105,134,104,113,154,152,130,115,120,128,147,147,135,145,65,23,16,33,77,71,103,38,48,64,39,17,6,20,60,2,57,25,57,21,29,13,52,60,75,113,101,117,122,111,117,121,109,22,4,55,112,84,95,71,89,85,81,89,119,115,120,121,130,170,123,131,137,148,148,138,143,162,152,150,166,125,135,108,102,151,134,134,104,132,139,148,72,61,60,124,126,129,124,80,101,123,137,115,108,113,122,127,93,99,145,129,136,118,130,144,131,96,113,114,113,122,127,114,134,94,112,208,251,
248,193,164,129,129,144,144,122,120,185,160,145,121,116,153,153,168,155,85,12,19,14,28,59,91,44,35,21,44,68,28,6,12,23,12,18,14,5,9,58,20,5,4,72,127,150,135,120,97,85,99,69,15,11,102,98,81,98,91,121,103,122,115,149,116,116,114,111,125,118,105,105,124,152,111,149,140,160,150,141,134,92,115,131,152,130,130,130,140,135,130,65,4,67,133,148,126,112,121,110,138,150,138,122,122,126,126,111,114,157,126,122,114,172,143,98,150,138,98,137,126,132,115,115,112,89,188,252,
250,168,111,133,126,123,131,127,128,155,123,121,137,137,138,158,113,142,74,21,19,17,21,44,65,65,64,37,35,23,9,10,9,9,24,58,15,27,11,8,17,28,21,74,108,120,112,87,114,133,126,67,9,11,151,138,112,129,125,128,144,114,107,92,99,105,134,116,105,135,125,122,118,113,120,140,146,170,131,138,146,144,169,177,127,127,126,106,127,118,98,84,10,23,53,132,106,107,122,138,132,122,136,129,116,108,94,125,124,114,105,104,120,130,147,113,106,130,131,114,127,125,106,112,132,100,175,252,
252,165,137,143,124,124,128,128,124,121,124,126,115,126,120,126,114,131,104,24,23,17,26,49,71,83,78,99,99,50,34,11,11,10,10,38,21,49,11,11,41,62,33,91,141,120,101,113,126,122,140,56,4,15,119,68,95,124,133,107,134,140,121,113,134,125,120,133,118,153,179,135,113,128,152,158,142,151,99,127,127,151,140,130,134,130,135,130,69,112,104,155,57,28,35,94,126,119,114,111,122,120,126,103,87,99,77,103,131,110,150,114,107,114,102,113,84,115,99,89,115,125,114,109,100,124,198,252,
250,176,134,92,139,187,149,130,152,100,104,115,111,123,133,148,132,142,65,17,24,17,21,46,93,55,54,62,63,53,64,15,10,14,122,109,3,0,73,42,49,53,91,134,138,121,117,137,139,144,123,40,23,25,118,69,100,108,105,137,138,119,103,123,139,148,133,148,108,117,123,116,102,129,134,152,124,143,145,126,106,139,123,125,131,135,132,142,125,132,153,155,113,71,41,63,158,131,135,126,108,131,145,120,118,105,115,122,127,124,126,116,153,125,107,119,115,120,101,113,113,119,136,109,86,117,197,254,
250,159,117,101,144,146,132,130,161,140,137,122,143,153,144,153,167,133,58,65,20,46,57,40,46,51,46,49,55,77,95,53,35,8,24,13,15,109,57,54,90,119,123,136,125,125,127,154,108,143,114,60,51,35,99,62,119,86,117,105,107,110,133,93,114,139,149,139,130,111,124,145,128,132,123,131,130,156,144,159,150,129,127,134,152,151,164,109,80,127,129,144,113,62,108,194,164,102,114,129,101,113,117,138,141,115,123,127,116,129,125,125,141,130,126,130,85,84,110,68,81,120,98,118,107,102,174,255,
252,181,120,124,111,127,129,132,130,160,149,110,114,137,138,126,163,121,35,35,29,23,23,36,57,61,51,58,39,105,103,19,30,16,13,10,27,95,35,51,59,47,74,141,94,109,146,116,109,127,97,53,93,129,119,81,160,98,85,130,141,139,129,136,115,151,94,133,127,139,134,138,147,138,126,156,138,166,122,118,118,120,114,133,157,160,131,117,120,143,138,133,118,76,171,229,213,153,127,133,133,123,136,148,119,120,132,128,156,146,146,154,153,114,129,117,96,105,125,116,117,115,117,129,139,86,170,255,
254,146,118,144,113,110,120,142,83,95,138,99,102,110,86,97,143,145,31,27,38,25,12,29,50,54,39,93,66,116,93,74,23,13,10,75,39,9,19,42,56,35,99,157,88,92,126,123,125,126,102,46,192,232,232,144,100,120,107,119,130,129,124,142,135,123,100,127,105,112,123,121,118,118,150,118,112,118,158,120,122,134,124,115,125,117,151,141,121,123,143,116,121,96,105,170,163,131,160,123,125,110,97,102,117,129,117,83,114,88,128,124,169,135,121,121,106,91,100,112,103,109,116,109,98,99,181,255,
252,155,111,109,100,88,110,102,100,102,117,130,124,113,116,116,130,132,29,21,43,31,12,36,69,52,48,104,40,93,91,31,29,22,27,58,33,23,22,49,57,63,128,161,117,91,126,130,133,137,95,67,229,252,247,147,131,153,129,111,114,109,102,134,138,115,131,89,149,134,137,121,116,127,142,125,96,135,148,157,142,156,114,112,144,127,141,146,150,144,139,122,139,123,91,89,145,108,120,126,112,106,102,106,137,142,129,129,92,101,111,121,121,118,97,115,116,120,135,120,114,127,94,128,108,91,171,255,
247,161,165,122,103,131,117,151,136,131,142,137,133,126,113,85,118,84,25,30,41,40,35,58,67,56,49,71,90,152,116,57,59,40,45,111,75,30,22,37,53,81,133,143,128,116,110,107,131,141,76,58,206,238,199,120,120,141,151,115,120,132,113,117,144,83,115,134,121,133,84,118,99,119,122,118,125,114,98,107,94,128,120,97,151,164,91,108,103,130,131,125,113,100,131,72,167,166,99,87,101,128,119,109,116,100,106,102,88,115,149,110,99,105,88,98,85,139,149,123,105,120,105,128,125,142,176,255,
244,199,173,179,127,139,142,129,148,135,115,133,127,177,160,110,128,94,28,30,35,72,45,39,30,55,43,26,125,125,128,54,51,44,30,28,28,74,32,15,48,68,127,127,119,123,80,104,163,147,64,70,137,227,128,138,134,115,135,105,112,137,107,155,149,104,127,124,137,130,121,108,144,121,122,126,134,90,114,118,141,148,133,110,108,130,67,101,107,92,130,132,111,119,108,60,126,198,108,120,133,101,120,130,104,114,102,116,105,94,131,113,124,135,105,95,102,105,94,116,100,86,153,134,131,126,186,254,
250,152,143,131,160,122,123,128,124,128,150,125,138,150,123,90,141,156,25,25,26,77,38,7,87,80,64,60,113,115,122,56,61,42,29,21,18,18,53,83,12,114,140,119,116,143,137,140,141,119,39,92,146,210,140,110,125,125,143,129,135,124,125,126,114,114,148,114,116,152,116,118,141,120,185,109,136,109,146,120,122,143,160,144,116,114,104,110,122,111,133,151,108,102,148,72,61,162,118,125,113,99,134,123,118,98,108,109,93,83,112,130,130,105,117,138,87,110,116,137,104,90,116,111,104,105,175,252,
253,134,108,166,133,118,147,142,101,121,111,116,119,125,128,95,135,128,26,38,45,40,53,77,50,78,86,33,122,137,144,69,35,39,27,17,26,46,30,44,61,110,143,126,124,132,137,149,149,112,34,127,237,202,131,132,113,126,139,140,120,112,139,129,163,135,124,130,118,118,123,136,97,124,159,134,133,97,107,127,114,127,130,114,143,134,117,100,125,113,127,128,127,144,168,137,48,127,201,120,125,113,139,124,114,82,108,104,108,99,129,118,128,125,131,104,89,121,109,98,102,133,120,108,105,113,175,250,
250,159,88,139,125,125,148,133,108,125,120,143,154,141,149,91,117,124,23,36,48,48,70,31,50,59,73,56,96,118,145,114,73,50,48,38,35,48,13,28,42,80,164,130,151,107,107,142,118,109,66,119,211,179,96,86,104,136,132,94,109,148,147,135,147,135,151,119,153,125,69,143,146,96,115,126,115,127,123,130,84,115,128,128,146,140,125,83,133,118,97,129,135,137,110,124,86,68,153,145,105,126,114,114,102,108,101,120,128,127,133,110,128,108,107,96,150,121,109,134,117,103,121,113,110,128,186,251,
251,170,134,141,112,137,129,155,106,118,136,138,150,149,128,118,136,102,36,106,54,38,69,55,53,59,53,88,92,123,118,59,58,67,70,90,57,50,60,69,31,61,127,101,123,97,100,124,131,58,55,148,214,153,99,107,109,74,112,88,116,115,148,131,143,162,132,79,119,119,92,90,156,100,120,137,136,145,160,101,131,114,121,126,128,102,131,129,127,121,121,152,156,122,83,128,107,55,138,177,105,134,109,129,123,131,129,107,100,111,87,93,122,107,97,94,154,112,94,134,95,90,99,92,149,108,180,255,
253,149,110,102,115,110,125,126,116,142,111,134,147,139,97,86,118,95,70,81,27,19,40,101,35,33,43,116,138,134,112,62,28,63,68,69,65,67,86,83,11,47,130,118,131,131,130,119,106,42,75,202,249,126,119,135,127,129,101,101,77,113,115,147,161,150,142,114,117,140,114,128,106,123,125,139,142,113,131,104,140,144,135,128,135,137,144,148,143,127,101,105,144,170,129,144,132,84,59,197,142,110,126,120,134,136,132,119,128,96,124,102,132,122,122,111,127,101,107,116,122,139,123,127,129,114,164,254,
252,169,114,110,102,106,121,117,106,92,108,138,131,119,119,110,150,92,23,31,32,21,36,54,24,66,86,148,163,151,117,45,17,55,62,64,51,43,37,65,43,55,119,126,103,140,166,140,86,29,96,217,237,133,146,134,163,167,87,95,115,120,114,112,129,119,129,124,121,115,117,105,108,114,117,143,128,94,92,111,132,141,135,131,146,150,145,141,127,122,181,130,125,117,95,120,115,108,47,169,166,73,120,136,147,120,114,138,156,138,129,124,122,127,110,103,118,101,106,117,137,119,123,142,140,116,178,254,
250,143,107,123,125,117,124,114,103,112,144,101,109,124,141,170,179,73,75,50,52,104,29,53,45,90,94,115,157,143,115,54,12,35,54,97,59,46,40,33,27,101,162,99,133,118,138,130,112,68,137,234,210,139,135,109,113,186,158,152,179,148,118,130,112,115,94,110,105,107,126,90,94,150,153,147,127,126,113,121,112,109,107,133,87,107,140,128,109,118,143,133,148,119,117,102,108,127,82,107,208,115,103,156,173,88,120,135,90,134,123,96,122,127,97,102,122,98,106,103,110,80,107,109,98,92,176,254,
252,138,127,114,117,120,106,115,133,97,119,88,140,162,136,139,148,112,59,35,58,34,12,57,64,51,97,139,105,118,137,83,9,28,66,46,67,61,74,40,9,120,161,119,136,117,105,131,78,56,126,246,178,103,132,128,114,128,131,145,146,106,105,108,145,128,122,128,134,103,134,117,109,95,134,146,153,120,137,127,116,93,117,88,123,91,121,147,124,112,106,105,132,106,127,133,114,126,102,55,185,158,103,129,127,103,108,114,99,111,123,100,111,137,105,117,120,104,134,129,106,110,133,110,114,119,184,255,
254,154,126,105,130,144,156,126,116,113,124,119,144,169,145,139,141,65,25,42,59,80,60,50,53,46,69,126,125,128,139,93,12,25,57,70,110,54,69,46,29,108,88,129,118,133,148,154,46,45,155,205,129,93,142,148,120,88,83,124,122,143,111,77,124,161,129,126,112,103,139,157,127,130,130,138,136,142,128,118,126,84,128,109,122,90,129,134,136,164,135,125,107,73,88,92,116,152,126,60,146,203,155,118,119,87,92,82,111,134,103,106,110,97,145,124,120,149,167,113,87,120,88,112,128,102,189,249,
252,236,229,210,226,235,237,227,215,226,227,232,233,237,233,229,232,216,208,212,211,226,231,210,210,213,216,221,227,226,232,214,206,205,205,215,218,217,210,209,210,220,224,225,226,227,230,235,214,217,237,243,229,225,216,221,225,226,221,230,226,228,225,227,226,226,226,228,221,220,227,221,235,232,223,229,232,238,226,231,230,221,215,238,207,219,229,224,230,229,231,242,220,217,224,220,229,241,229,217,231,244,227,216,223,217,215,224,245,233,214,226,225,211,219,226,230,239,235,231,227,222,222,227,227,227,237,253,
